"[4.4422e-28 1.26647e-12 1 6.8273e-15]"
"[3.14522e-05 0.999969 1.08473e-15 3.87193e-09]"
"[8.00678e-06 0.499992 0.5 8.45878e-13]"
"[3.50594e-09 0.71017 0.28983 1.07423e-08]"
"[1.35716e-09 0.5 0.5 6.36038e-13]"
"[1.21305e-10 0.500806 0.499194 3.19028e-17]"
"[3.02769e-13 0.237697 0.262303 0.5]"
"[2.48769e-17 2.88434e-05 0.499971 0.5]"
"[5.27446e-15 2.86736e-06 0.5 0.499997]"
"[1.76145e-19 0.499891 0.500109 7.32806e-15]"
"[3.17059e-08 0.500092 0.499908 1.50928e-08]"
"[2.98177e-13 0.5 0.5 5.97151e-10]"
"[1.68395e-08 0.50078 0.0807107 0.418509]"
"[6.20349e-08 0.967548 0.0324471 5.19891e-06]"
"[1.01339e-08 0.997865 6.82166e-07 0.00213463]"
"[2.77982e-14 0.500025 0.499975 1.12396e-09]"
"[7.44847e-09 1 3.49659e-10 1.42692e-07]"
"[8.30256e-13 0.500106 0.499894 2.11515e-09]"
"[7.57094e-14 0.746386 0.253614 1.05369e-08]"
"[0.00752298 0.992477 8.78899e-12 3.12763e-11]"
"[1.5288e-13 0.5 1.87364e-12 0.5]"
"[1.52756e-16 0.494494 0.00550624 0.5]"
"[1.12759e-26 2.06331e-13 0.5 0.5]"
"[1.10658e-08 0.5 1.88979e-10 0.5]"
"[3.06335e-34 2.32587e-15 3.12005e-08 1]"
"[1.07022e-28 3.95113e-15 0.5 0.5]"
"[6.81777e-08 0.0182043 2.38897e-06 0.981793]"
"[1.80637e-14 0.000245253 0.499755 0.5]"
"[1.48826e-24 8.67755e-12 1.51687e-06 0.999999]"
"[8.73475e-15 0.0213222 0.398085 0.580593]"
"[4.91205e-13 1.00123e-05 4.64745e-08 0.99999]"
"[1.15728e-07 0.00334811 7.15058e-05 0.99658]"
"[2.50901e-07 0.49903 4.18977e-10 0.500969]"
"[3.69989e-25 9.2081e-09 0.5 0.5]"
"[2.13653e-14 0.00556067 0.494439 0.500001]"
"[4.34135e-15 0.320904 0.179096 0.500001]"
"[6.55742e-15 2.17597e-07 4.04743e-06 0.999996]"
"[8.4963e-24 5.61874e-10 0.5 0.5]"
"[5.77589e-18 0.0373098 0.46269 0.5]"
"[2.00592e-18 0.000254944 0.499745 0.5]"
"[1.08272e-29 1.60949e-14 0.5 0.5]"
"[4.16089e-26 8.05691e-14 0.5 0.5]"
"[9.59296e-25 3.8287e-13 0.5 0.5]"
"[1.14387e-25 1.03128e-09 0.5 0.5]"
"[9.8897e-17 8.6118e-09 1.52157e-09 1]"
"[1.123e-14 0.49992 0.50008 7.25734e-09]"
"[3.30143e-05 0.00596805 0.0880444 0.905955]"
"[1.18866e-13 0.5 0.5 3.65245e-12]"
"[3.0361e-21 1.22335e-08 0.5 0.5]"
"[7.82124e-20 3.62918e-09 5.90402e-09 1]"
"[1.08874e-10 0.499993 9.91957e-07 0.500006]"
"[2.33467e-24 1.06915e-12 0.5 0.5]"
"[2.91023e-09 0.499999 3.61823e-08 0.500001]"
"[2.08656e-18 0.00349732 0.496503 0.5]"
"[6.43086e-25 9.1434e-11 0.5 0.5]"
"[1.10612e-20 0.000246615 0.499753 0.5]"
"[1.92306e-24 4.77636e-12 1.22522e-10 1]"
"[1.13346e-20 1.15094e-09 1.18529e-06 0.999999]"
"[3.30143e-05 0.00596805 0.0880444 0.905955]"
"[5.65402e-18 1.32089e-05 0.489522 0.510465]"
"[3.30143e-05 0.00596805 0.0880444 0.905955]"
"[3.30143e-05 0.00596805 0.0880444 0.905955]"
"[5.35969e-12 0.498959 0.00386564 0.497175]"
"[3.01121e-09 0.499999 0.5 5.6869e-07]"
"[3.30143e-05 0.505968 0.0880444 0.405955]"
"[3.30143e-05 0.0536833 0.0882104 0.858073]"
"[4.70876e-12 0.500019 0.499981 1.69395e-09]"
"[5.77625e-17 0.415737 0.0842626 0.5]"
"[3.50427e-14 0.499211 5.81531e-10 0.500789]"
"[3.30143e-05 0.00596805 0.0880444 0.905955]"
"[3.30143e-05 0.00596805 0.0880444 0.905955]"
"[3.30143e-05 0.00596805 0.0880444 0.905955]"
"[3.30143e-05 0.00604579 0.0880444 0.905877]"
"[3.30143e-05 0.00596805 0.0880444 0.905955]"
"[3.30143e-05 0.00596805 0.0880444 0.905955]"
"[1.17703e-10 0.486514 0.5 0.0134864]"
"[3.30143e-05 0.00596805 0.0880444 0.905955]"
"[3.32867e-05 0.505966 0.0880444 0.405957]"
"[3.30143e-05 0.152848 0.0881315 0.758988]"
"[1.59452e-13 0.5 5.21736e-13 0.5]"
"[6.38644e-19 4.6608e-08 4.66706e-14 1]"
"[3.30143e-05 0.00596805 0.0880444 0.905955]"
"[1.11242e-13 0.231594 0.268226 0.50018]"
"[2.02991e-24 3.64723e-10 3.45879e-09 1]"
"[3.30143e-05 0.00596805 0.0880444 0.905955]"
"[3.30143e-05 0.00596805 0.588044 0.405955]"
"[2.86612e-18 0.00802346 0.491312 0.500665]"
"[6.71895e-22 1.31382e-09 8.08678e-12 1]"
"[3.30142e-05 0.00596804 0.0880443 0.905955]"
"[2.79897e-20 7.59347e-08 0.499998 0.500002]"
"[3.79574e-15 0.00756088 0.000576535 0.991863]"
"[1.11916e-24 2.12837e-10 1 7.057e-10]"
"[3.30143e-05 0.00596805 0.0880444 0.905955]"
"[3.30143e-05 0.00596805 0.0880444 0.905955]"
"[1.31759e-19 6.33498e-07 6.65725e-07 0.999999]"
"[1.61139e-14 6.35429e-05 1.8646e-08 0.999936]"
"[1.8066e-23 9.69893e-10 0.5 0.5]"
"[6.05048e-19 0.5 0.5 2.79614e-16]"
"[0 2.31486e-26 1 7.37766e-39]"
"[0 3.36369e-32 1 0]"
"[0 6.8098e-23 1 3.89813e-35]"
"[0 1.89323e-22 1 1.43176e-38]"
"[0 9.21765e-32 1 0]"
"[0 3.34159e-29 1 0]"
"[3.30143e-05 0.00596805 0.588044 0.405955]"
"[1.90206e-09 0.996117 2.62667e-10 0.00388265]"
"[3.30144e-05 0.00596804 0.0880443 0.905955]"
"[3.30143e-05 0.00596805 0.0880444 0.905955]"
"[3.30143e-05 0.00596805 0.0880444 0.905955]"
"[2.42492e-20 8.04292e-05 0.651194 0.348726]"
"[1.3059e-21 2.59532e-08 4.20249e-09 1]"
"[3.30143e-05 0.00596805 0.0880444 0.905955]"
"[3.30143e-05 0.00596805 0.588044 0.405955]"
"[2.37124e-11 0.5 0.5 2.31538e-10]"
"[5.83501e-06 0.999759 2.00614e-12 0.000235578]"
"[3.30143e-05 0.00596805 0.0880444 0.905955]"
"[3.30143e-05 0.00596805 0.0880444 0.905955]"
"[3.30144e-05 0.00596804 0.588044 0.405955]"
"[3.30143e-05 0.00596805 0.0880444 0.905955]"
"[2.74808e-22 6.43504e-10 1.43108e-06 0.999999]"
"[3.92381e-23 9.33727e-10 5.55219e-08 1]"
"[3.30143e-05 0.00596805 0.0891257 0.904873]"
"[3.30143e-05 0.00596805 0.0880444 0.905955]"
"[1.08473e-29 1.32493e-15 0.5 0.5]"
"[3.30144e-05 0.00596804 0.0880443 0.905955]"
"[3.30143e-05 0.00596805 0.0880444 0.905955]"
"[3.30143e-05 0.00596805 0.0880444 0.905955]"
"[1.48014e-22 2.27609e-08 0.000278864 0.999721]"
"[4.42423e-21 6.30233e-08 0.499946 0.500054]"
"[1.75856e-13 0.5 9.96299e-11 0.5]"
"[3.39219e-17 0.5 0.5 8.43208e-17]"
"[4.97645e-15 0.5 0.5 9.97096e-16]"
"[7.48872e-10 0.5 0.5 8.71164e-16]"
"[5.68277e-11 0.500003 0.499997 8.64815e-12]"
"[1.86156e-11 0.988752 0.0109187 0.000328854]"
"[8.93913e-11 0.500585 2.86272e-08 0.499415]"
"[1.57261e-11 0.999998 4.33808e-07 1.43916e-06]"
"[1.96232e-13 0.999972 2.81287e-05 3.04632e-11]"
"[1.59507e-10 0.5 1.00071e-10 0.5]"
"[0 1.05853e-22 1 9.32597e-28]"
"[3.38163e-16 2.60498e-05 0.163447 0.836527]"
"[3.30143e-05 0.00596805 0.0880444 0.905955]"
"[3.30142e-05 0.00596804 0.0880443 0.905955]"
"[1.63516e-23 7.14105e-10 1.44033e-06 0.999999]"
"[3.30143e-05 0.00596805 0.0880444 0.905955]"
"[3.30143e-05 0.0059898 0.430683 0.563294]"
"[3.30142e-05 0.00596804 0.0880443 0.905955]"
"[3.30143e-05 0.00596805 0.0880444 0.905955]"
"[4.49479e-09 0.5 0.5 3.53005e-16]"
"[5.39007e-09 0.5 0.5 5.25088e-13]"
"[1.55337e-11 0.5 0.000112843 0.499887]"
"[1.37862e-11 0.5 1.02838e-08 0.5]"
"[8.62466e-08 0.999397 2.05495e-11 0.000603433]"
"[9.15932e-11 0.5 0.5 1.96626e-17]"
"[1.22074e-23 1.61913e-08 0.5 0.5]"
"[1.41295e-16 0.499996 3.90426e-06 0.5]"
"[3.30143e-05 0.00596805 0.0880444 0.905955]"
"[3.30143e-05 0.00596805 0.0880444 0.905955]"
"[9.36056e-12 0.5 4.62868e-09 0.5]"
"[3.30143e-05 0.00596805 0.0880444 0.905955]"
"[3.30143e-05 0.00596805 0.0880444 0.905955]"
"[3.30143e-05 0.00596805 0.0880444 0.905955]"
"[3.30143e-05 0.00596805 0.0880444 0.905955]"
"[4.4984e-09 0.000119734 0.000234975 0.999645]"
"[4.45563e-23 4.8718e-11 0.5 0.5]"
"[2.26475e-13 0.5 2.40492e-13 0.5]"
"[3.30337e-05 0.00596821 0.588044 0.405955]"
"[4.69273e-16 0.00252154 0.500039 0.49744]"
"[4.34476e-07 0.560975 0.439025 3.11575e-11]"
"[1.09947e-07 0.999964 1.94837e-08 3.56233e-05]"
"[6.28545e-09 0.501213 0.498785 2.05634e-06]"
"[2.28225e-08 1 6.05968e-17 6.78589e-17]"
"[6.23058e-09 0.999638 0.000311668 5.08203e-05]"
"[0.000183304 0.999817 5.83259e-13 5.58086e-10]"
"[2.46367e-10 0.999873 0.000127006 9.20224e-10]"
"[1.20476e-12 0.00700734 0.5 0.492993]"
"[3.30143e-05 0.00596805 0.0880444 0.905955]"
"[3.48398e-14 0.00168374 0.497953 0.500363]"
"[3.37632e-16 8.38238e-08 1.28569e-07 1]"
"[3.30143e-05 0.00596805 0.0880444 0.905955]"
"[4.40705e-10 0.000274643 0.169871 0.829854]"
"[1.63014e-23 6.25271e-09 0.5 0.5]"
"[1.14993e-36 6.06827e-20 1 6.24502e-25]"
"[3.01688e-12 0.499967 0.500033 2.61829e-08]"
"[4.00296e-36 1.66731e-21 1 1.10519e-28]"
"[2.85957e-32 2.278e-15 1 3.1235e-14]"
"[0 5.86636e-26 1 0]"
"[1.12282e-31 1.97757e-13 1 5.26924e-15]"
"[2.53436e-24 1.21203e-11 7.23551e-11 1]"
"[6.09524e-11 0.499943 0.500034 2.3047e-05]"
"[2.49164e-25 1.01249e-10 1 2.56855e-07]"
"[4.814e-17 0.00214579 0.997854 1.84548e-15]"
"[2.24315e-21 5.80679e-09 0.5 0.5]"
"[1.30714e-15 0.00385211 0.996148 4.85598e-11]"
"[1.11455e-35 3.86959e-18 1 4.15631e-20]"
"[6.66069e-24 1.70389e-07 0.5 0.5]"
"[8.14159e-12 0.500014 0.320043 0.179942]"
"[0.021944 0.978055 6.54253e-07 7.52789e-10]"
"[8.53517e-19 1.46427e-07 1.85371e-11 1]"
"[3.42302e-26 5.09217e-11 0.5 0.5]"
"[1.76502e-25 2.22321e-09 0.5 0.5]"
"[3.30143e-05 0.00596805 0.0880444 0.905955]"
"[0 2.25052e-28 1 1.07207e-38]"
"[1.10154e-22 7.23061e-07 0.98095 0.0190492]"
"[0 1.14967e-17 1 2.80062e-33]"
"[0 2.51078e-26 1 1.03448e-36]"
"[2.55072e-15 0.499952 4.82368e-05 0.5]"
"[2.61131e-13 0.400286 0.0997133 0.5]"
"[3.93295e-16 0.499999 0.499532 0.000469106]"
"[8.84897e-13 0.497906 1.99491e-09 0.502094]"
"[9.46446e-25 1.98142e-09 2.33647e-08 1]"
"[7.98233e-21 1.32731e-05 0.499987 0.5]"
"[3.30143e-05 0.00596805 0.0880444 0.905955]"
"[3.30143e-05 0.00596805 0.588044 0.405955]"
"[6.87735e-20 2.12419e-08 1.03408e-09 1]"
"[2.77983e-14 0.499999 7.80824e-07 0.5]"
"[2.4738e-16 0.239967 0.220954 0.539079]"
"[3.30143e-05 0.00599338 0.0976222 0.896351]"
"[1.38922e-11 0.500548 0.499452 2.67009e-08]"
"[7.83868e-34 3.543e-14 1 7.58617e-23]"
"[3.30143e-05 0.00596805 0.0880444 0.905955]"
"[3.79342e-12 0.5 1.46377e-07 0.5]"
"[5.40382e-20 2.49804e-08 2.53932e-08 1]"
"[4.23728e-15 0.5 8.72231e-09 0.5]"
"[4.87761e-12 0.5 7.85631e-14 0.5]"
"[4.50948e-17 6.86988e-05 9.2358e-06 0.999922]"
"[2.6224e-14 0.5 7.67683e-10 0.5]"
"[1.86318e-12 0.5 1.33104e-09 0.5]"
"[3.30143e-05 0.00596805 0.0880444 0.905955]"
"[6.0652e-17 0.00199627 0.460014 0.53799]"
"[2.7938e-12 0.999999 8.67428e-07 3.11025e-07]"
"[3.30154e-05 0.00596804 0.588044 0.405955]"
"[3.30143e-05 0.00596805 0.0880444 0.905955]"
"[4.84038e-20 2.84332e-06 0.944957 0.0550403]"
"[2.06567e-23 2.36443e-07 0.5 0.5]"
"[3.30143e-05 0.00596805 0.0880444 0.905955]"
"[3.30143e-05 0.00596805 0.0880444 0.905955]"
"[3.30143e-05 0.00596806 0.0880444 0.905955]"
"[3.30143e-05 0.00596805 0.0880444 0.905955]"
"[1.32949e-11 0.499997 2.84406e-06 0.5]"
"[3.30142e-05 0.00596804 0.0880443 0.905955]"
"[1.79313e-19 1.12971e-06 0.00604725 0.993952]"
"[4.61765e-24 1.5277e-10 3.78948e-07 1]"
"[1.8365e-11 0.0742761 0.00573214 0.919992]"
"[1.07892e-22 2.52104e-09 0.5 0.5]"
"[4.49012e-12 0.500395 0.000556623 0.499048]"
"[1.97164e-19 1.17648e-06 0.0166038 0.983395]"
"[2.43373e-11 0.303378 0.523899 0.172723]"
"[4.84063e-12 0.00323324 1.05862e-07 0.996767]"
"[1.24214e-23 9.1873e-09 4.69638e-07 1]"
"[8.01941e-18 0.00076165 0.499238 0.5]"
"[3.30143e-05 0.00596805 0.0880444 0.905955]"
"[0 5.59616e-20 1 1.7995e-33]"
"[3.30143e-05 0.00596805 0.588044 0.405955]"
"[0 1.55565e-25 1 2.93635e-32]"
"[2.77759e-30 1.26185e-14 1 5.52909e-12]"
"[1.39679e-27 6.4351e-10 1 1.74945e-18]"
"[3.30143e-05 0.00596818 0.0880444 0.905954]"
"[0.0014283 0.998522 7.88277e-10 4.94209e-05]"
"[2.87356e-06 0.966346 1.98038e-08 0.0336513]"
"[1.90799e-26 1.53825e-09 1 9.28118e-13]"
"[3.30143e-05 0.00596805 0.588043 0.405956]"
"[3.30143e-05 0.00596805 0.0880444 0.905955]"
"[3.30143e-05 0.00596805 0.0880444 0.905955]"
"[3.30143e-05 0.00596805 0.0880444 0.905955]"
"[3.30143e-05 0.00596805 0.588044 0.405955]"
"[1.09577e-16 0.00553027 0.49447 0.5]"
"[4.24853e-16 0.0166627 0.960365 0.0229726]"
"[1.56746e-12 0.475538 0.0106414 0.51382]"
"[1.68863e-19 1.2118e-05 0.499988 0.5]"
"[4.13401e-06 0.00316076 0.559958 0.436877]"
"[9.83877e-06 0.00403791 0.566527 0.429425]"
"[3.58636e-05 0.00632031 0.592708 0.400936]"
"[0 9.7304e-26 1 4.55527e-34]"
"[0 2.93738e-22 1 4.38969e-36]"
"[2.67518e-10 6.38862e-05 0.500447 0.499489]"
"[3.39619e-25 4.16323e-08 1 2.3711e-15]"
"[1.50493e-12 0.497564 0.502433 3.64507e-06]"
"[1.28541e-14 0.0179964 0.00122566 0.980778]"
"[1.05516e-11 0.12318 4.07179e-07 0.87682]"
"[3.30143e-05 0.00596805 0.0880444 0.905955]"
"[4.4761e-36 3.78388e-18 1 2.91198e-26]"
"[3.39458e-32 1.75104e-14 1 1.37043e-21]"
"[2.60521e-31 8.37599e-13 1 1.60821e-23]"
"[1.96876e-29 1.02074e-12 1 2.30554e-17]"
"[3.30143e-05 0.00596807 0.0880445 0.905954]"
"[8.49828e-12 0.5 1.35229e-10 0.5]"
"[4.28272e-18 1.93606e-08 0.499999 0.500001]"
"[1.25296e-21 3.78844e-08 0.987533 0.0124673]"
"[2.98529e-14 7.80386e-05 9.42167e-05 0.999828]"
"[3.21418e-13 1.65896e-06 1.1514e-05 0.999987]"
"[3.30143e-05 0.00596805 0.0880444 0.905955]"
"[1.7024e-18 0.00271189 0.496695 0.500593]"
"[4.89179e-34 3.59135e-16 1 1.22745e-18]"
"[3.30143e-05 0.00596805 0.588044 0.405955]"
"[4.9649e-28 2.90599e-15 1 4.74763e-24]"
"[3.54272e-33 6.34739e-15 1 3.47677e-22]"
"[2.59286e-15 6.1399e-08 0.5 0.5]"
"[3.30143e-05 0.00596806 0.0880444 0.905955]"
"[8.1529e-18 0.0187402 0.48126 0.5]"
"[1.18436e-17 0.106126 0.393874 0.5]"
"[6.45549e-17 6.31701e-06 0.999989 5.14193e-06]"
"[6.74281e-19 5.73072e-06 0.00170113 0.998293]"
"[2.34967e-18 3.69211e-06 0.849219 0.150778]"
"[2.84762e-08 0.5 3.19657e-11 0.5]"
"[4.85398e-12 0.499941 2.83503e-05 0.500031]"
"[6.6565e-22 1.84306e-09 1.50542e-12 1]"
"[6.74125e-15 0.5 3.08298e-06 0.499997]"
"[1.70964e-15 2.13739e-05 0.0439957 0.955983]"
"[5.2304e-14 0.445518 0.0229978 0.531484]"
"[1.05238e-09 0.5 1.78715e-16 0.5]"
"[1.36622e-20 1.43099e-05 0.00600808 0.993978]"
"[5.47213e-14 0.658751 0.341249 9.47619e-14]"
"[1.24523e-17 0.5 0.5 4.30248e-15]"
"[8.75614e-13 0.437575 0.538308 0.0241169]"
"[2.4369e-16 0.00151378 0.998486 9.72792e-14]"
"[0 4.31666e-21 1 4.86322e-32]"
"[1.27517e-12 0.344943 0.574984 0.0800726]"
"[1.89017e-21 1.6349e-07 1 1.62096e-11]"
"[3.30143e-05 0.00596805 0.588044 0.405955]"
"[2.79028e-25 1.88658e-11 1 6.27432e-13]"
"[5.73563e-07 0.999874 0.00012572 1.23664e-08]"
"[3.81958e-08 0.542892 0.457108 2.15824e-14]"
"[9.43335e-13 0.500107 0.499891 1.1547e-06]"
"[1.95119e-09 0.91663 0.0833705 1.56575e-13]"
"[1.16398e-13 0.5 0.5 1.4545e-13]"
"[3.68831e-10 0.500019 0.406795 0.093186]"
"[4.68517e-08 0.500355 0.499645 3.54679e-08]"
"[7.69909e-14 0.5 0.5 1.07592e-13]"
"[1.27721e-17 8.57251e-06 0.999975 1.61718e-05]"
"[9.69441e-23 1.70499e-06 0.510503 0.489495]"
"[1.27457e-23 1.65151e-08 1 2.16492e-14]"
"[2.085e-37 1.74887e-19 1 1.82881e-29]"
"[0 5.96122e-28 1 0]"
"[3.30143e-05 0.00596808 0.0880444 0.905954]"
"[3.82418e-18 0.0082814 0.491719 0.5]"
"[1.36238e-25 1.44538e-13 0.5 0.5]"
"[1.17089e-11 0.499997 1.22954e-06 0.500002]"
"[6.58159e-21 5.10505e-07 0.499999 0.5]"
"[3.18661e-17 0.000244989 0.499755 0.5]"
"[2.36492e-17 1.30187e-05 0.499987 0.5]"
"[1.02868e-24 1.78071e-08 0.500002 0.499998]"
"[1.55185e-36 2.7332e-17 1 1.17947e-29]"
"[5.86413e-19 0.0152364 0.984764 1.14699e-10]"
"[7.24723e-30 2.48846e-13 1 3.88189e-12]"
"[5.35136e-31 1.16893e-13 1 1.19423e-26]"
"[3.99537e-28 2.39581e-10 1 5.97817e-17]"
"[0 6.2418e-20 1 2.29669e-31]"
"[3.38119e-06 0.509802 0.490194 5.38594e-10]"
"[3.92557e-27 2.36581e-10 1 1.31487e-16]"
"[5.46374e-08 0.5 0.5 9.09573e-14]"
"[8.91678e-13 0.5 0.5 7.28082e-13]"
"[1.28602e-12 1 4.15567e-07 8.8137e-14]"
"[2.41391e-06 0.499781 1.54346e-06 0.500215]"
"[2.92446e-12 0.912523 0.0874761 1.17776e-06]"
"[2.07948e-11 0.000359707 0.500019 0.499622]"
"[0 4.37647e-21 1 2.67583e-28]"
"[8.35933e-27 1.0479e-10 1 5.02728e-24]"
"[2.94273e-14 0.499951 0.500047 2.22256e-06]"
"[3.30143e-05 0.00596805 0.588044 0.405955]"
"[3.48461e-06 0.179725 0.820265 6.94392e-06]"
"[1.77986e-14 0.497287 0.502696 1.66364e-05]"
"[4.32242e-24 4.87343e-10 1 1.5183e-08]"
"[1.88326e-32 2.80385e-15 1 1.53503e-23]"
"[7.36916e-15 0.499995 1.75968e-08 0.500005]"
"[2.49751e-13 0.489056 0.000515244 0.510428]"
"[1.36204e-19 1.46681e-06 0.379825 0.620173]"
"[3.30143e-05 0.00597541 0.190862 0.80313]"
"[1.19556e-14 0.159345 0.340655 0.5]"
"[2.00273e-16 8.95266e-08 1.67755e-05 0.999983]"
"[3.30143e-05 0.00596808 0.088045 0.905954]"
"[1.62761e-20 4.92751e-07 1 7.80406e-11]"
"[1.33561e-16 0.196977 0.803014 9.49342e-06]"
"[6.40683e-18 1.74598e-07 0.5 0.5]"
"[2.5849e-23 8.07443e-11 1.44524e-09 1]"
"[1.70426e-19 1.54187e-06 0.0391348 0.960864]"
"[4.37639e-26 9.15918e-14 0.5 0.5]"
"[6.04008e-19 2.37726e-09 0.5 0.5]"
"[1.00497e-19 1.83754e-05 0.999982 4.45651e-16]"
"[3.30143e-05 0.00596805 0.588044 0.405955]"
"[7.40396e-13 0.475563 0.500042 0.0243949]"
"[3.30143e-05 0.00596805 0.0880444 0.905955]"
"[1.40921e-20 0.00143322 0.498567 0.5]"
"[6.79368e-11 0.465917 0.0340726 0.50001]"
"[1.21743e-18 1.75295e-08 0.373823 0.626177]"
"[1.20808e-25 2.69491e-10 0.5 0.5]"
"[1.30418e-13 0.499993 4.1614e-07 0.500007]"
"[3.27733e-05 0.00598064 0.0882177 0.905769]"
"[4.20111e-25 5.65538e-12 7.89226e-11 1]"
"[1.02458e-21 1.06777e-08 5.12723e-08 1]"
"[3.0307e-23 8.77481e-08 0.5 0.5]"
"[6.30585e-38 3.65583e-18 1 8.3384e-30]"
"[0 8.31463e-20 1 1.97224e-24]"
"[2.60075e-35 9.34382e-17 1 8.34635e-26]"
"[1.09216e-14 0.00552952 0.991691 0.00277998]"
"[2.8593e-38 9.01011e-15 1 9.09631e-30]"
"[3.30146e-05 0.00596805 0.588044 0.405955]"
"[2.95018e-17 3.4672e-07 1 9.22967e-09]"
"[3.30146e-05 0.00723536 0.578947 0.413785]"
"[5.26747e-19 0.00169098 0.498309 0.5]"
"[1.59869e-23 2.53386e-07 0.5 0.5]"
"[2.45745e-24 1.41131e-12 0.5 0.5]"
"[3.98531e-13 3.1292e-05 8.07812e-10 0.999969]"
"[1.92456e-13 0.499999 1.46574e-06 0.5]"
"[2.33065e-11 0.981963 7.27668e-06 0.0180297]"
"[5.14122e-07 0.499999 7.29492e-08 0.5]"
"[3.30145e-05 0.00596806 0.0880443 0.905955]"
"[1.28206e-08 0.5 1.17661e-11 0.5]"
"[2.06615e-18 0.000255512 0.499744 0.5]"
"[3.26088e-13 0.499999 5.40483e-07 0.5]"
"[1.12533e-09 0.5 2.55213e-10 0.5]"
"[2.02802e-05 0.499979 1.57891e-10 0.5]"
"[2.15127e-24 6.93924e-10 0.5 0.5]"
"[3.30143e-05 0.00596805 0.0880444 0.905955]"
"[7.10107e-22 3.48407e-07 0.5 0.5]"
"[8.42594e-17 0.173426 0.808743 0.0178303]"
"[2.19496e-15 0.5 4.95133e-07 0.5]"
"[2.79256e-15 0.292953 0.207048 0.5]"
"[2.16432e-11 0.499985 2.3901e-12 0.500015]"
"[8.49315e-11 0.5 4.49567e-11 0.5]"
"[9.51126e-14 0.498034 0.00196559 0.5]"
"[3.93109e-23 5.17494e-10 0.5 0.5]"
"[1.52633e-15 0.500005 0.0138694 0.486126]"
"[6.33634e-23 1.72803e-06 0.499998 0.5]"
"[2.03575e-15 0.0004885 0.499511 0.5]"
"[5.10444e-28 6.25904e-11 1 1.86685e-16]"
"[3.4522e-19 6.42348e-07 0.00120878 0.998791]"
"[3.30143e-05 0.00596813 0.0982217 0.895777]"
"[5.69443e-27 7.20679e-14 0.5 0.5]"
"[4.4599e-13 0.336843 0.00226845 0.660888]"
"[1.78169e-16 0.000494295 4.7471e-08 0.999506]"
"[1.41293e-17 0.000447874 0.499552 0.5]"
"[1.85345e-06 0.00229467 0.0418588 0.955845]"
"[4.07752e-17 2.91949e-08 0.5 0.5]"
"[5.4347e-13 0.000264279 5.64275e-13 0.999736]"
"[8.1283e-13 0.331539 0.0432023 0.625259]"
"[3.3033e-05 0.00596803 0.0880427 0.905956]"
"[2.96962e-14 0.499994 5.82007e-06 0.5]"
"[3.30143e-05 0.00596805 0.0880444 0.905955]"
"[3.30143e-05 0.00596805 0.0880444 0.905955]"
"[2.31768e-09 0.139724 0.00131489 0.858961]"
"[3.30143e-05 0.00596805 0.0880444 0.905955]"
"[2.36646e-12 0.0626072 0.5 0.437393]"
"[1.21602e-15 0.0231424 0.974568 0.00229006]"
"[3.30143e-05 0.00599087 0.0888645 0.905112]"
"[4.14215e-11 0.48488 4.46244e-08 0.51512]"
"[1.297e-18 8.49977e-08 1.69115e-05 0.999983]"
"[1.80269e-06 0.499862 7.35245e-15 0.500136]"
"[2.15564e-12 0.5 6.45867e-12 0.5]"
"[3.55797e-07 0.5 1.66834e-09 0.5]"
"[2.58593e-22 1.31736e-07 5.16469e-05 0.999948]"
"[6.51671e-11 0.0219814 3.69022e-08 0.978019]"
"[4.08403e-09 0.00458594 9.71177e-09 0.995414]"
"[5.79462e-22 4.70118e-10 0.5 0.5]"
"[1.28098e-24 1.56243e-10 2.65064e-08 1]"
"[3.30156e-05 0.00596803 0.0880441 0.905955]"
"[7.57798e-17 0.00185077 0.998149 6.04002e-12]"
"[7.96694e-30 8.00028e-14 1 4.53254e-21]"
"[1.40459e-23 3.19207e-12 0.5 0.5]"
"[2.13011e-16 0.495518 0.504482 1.75657e-10]"
"[1.71379e-32 9.58188e-17 1 5.07111e-24]"
"[3.30143e-05 0.00596805 0.0880444 0.905955]"
"[3.30143e-05 0.00596805 0.0880444 0.905955]"
"[3.30143e-05 0.00596805 0.0880444 0.905955]"
"[3.30143e-05 0.00596805 0.0880444 0.905955]"
"[1.89665e-09 0.000103199 0.000665766 0.999231]"
"[9.71126e-06 0.49999 2.26763e-12 0.5]"
"[9.95008e-09 0.0369566 1.62589e-07 0.963043]"
"[3.36432e-23 3.60932e-10 1.14796e-08 1]"
"[2.33331e-13 0.499997 2.77127e-06 0.5]"
"[2.68322e-13 0.488689 8.04744e-07 0.51131]"
"[5.05865e-07 0.5 1.98741e-15 0.5]"
"[2.92846e-16 0.494498 0.00550178 0.5]"
"[3.30143e-05 0.00596805 0.0880444 0.905955]"
"[3.30143e-05 0.00596805 0.0880444 0.905955]"
"[7.97579e-19 2.17668e-06 0.000854796 0.999143]"
"[5.08361e-24 1.18553e-12 0.5 0.5]"
"[7.85338e-13 0.499988 8.77976e-06 0.500003]"
"[3.30143e-05 0.00596805 0.0880444 0.905955]"
"[3.58163e-13 0.499977 1.45862e-08 0.500023]"
"[1.49636e-11 0.495944 1.98021e-06 0.504054]"
"[2.17717e-12 0.445649 1.27113e-05 0.554339]"
"[3.30143e-05 0.00596805 0.0880444 0.905955]"
"[4.74459e-11 0.499999 0.499986 1.43562e-05]"
"[2.40599e-13 0.499601 2.18482e-09 0.500399]"
"[3.30143e-05 0.00596805 0.0880444 0.905955]"
"[0 7.20041e-28 1 1.49992e-38]"
"[7.16258e-12 0.365192 1.22218e-09 0.634808]"
"[3.30143e-05 0.00596805 0.0880444 0.905955]"
"[9.91843e-12 0.499927 1.87134e-05 0.500054]"
"[3.30143e-05 0.00596807 0.120306 0.873693]"
"[3.30143e-05 0.00596805 0.0880444 0.905955]"
"[3.30143e-05 0.00596805 0.0880444 0.905955]"
"[2.25104e-16 0.000593484 8.64285e-07 0.999406]"
"[1.88533e-25 6.06929e-09 0.5 0.5]"
"[5.88724e-30 6.04914e-14 1 1.85585e-21]"
"[2.07226e-16 2.00645e-05 0.5 0.49998]"
"[5.92265e-15 9.9731e-06 0.99999 1.39034e-13]"
"[2.37826e-23 8.03963e-09 1 4.66792e-19]"
"[1.33555e-22 8.87745e-11 0.5 0.5]"
"[1.25987e-19 0.0023382 0.506528 0.491134]"
"[4.08564e-15 0.499919 0.500081 1.34301e-09]"
"[2.61287e-20 1.09017e-10 0.5 0.5]"
"[6.22428e-18 0.00284115 0.997159 1.82499e-07]"
"[1.41967e-13 0.499979 0.5 2.07703e-05]"
"[3.97973e-22 5.2007e-09 0.5 0.5]"
"[1.49848e-19 5.46114e-06 0.500008 0.499987]"
"[5.5049e-21 1.65714e-07 0.5 0.5]"
"[1.32513e-11 0.499274 9.25744e-06 0.500716]"
"[1.07589e-25 7.83736e-13 0.5 0.5]"
"[6.90005e-20 1.71894e-06 0.499998 0.5]"
"[3.01344e-18 7.66644e-07 0.499999 0.5]"
"[1.42183e-16 7.28856e-07 6.13172e-09 0.999999]"
"[7.11633e-20 9.5669e-10 1.70048e-09 1]"
"[1.35435e-13 0.499921 6.93818e-05 0.50001]"
"[1.28793e-15 8.37565e-08 8.78158e-07 0.999999]"
"[8.30369e-07 0.499832 1.73901e-05 0.50015]"
"[1.37729e-09 0.467374 6.71322e-06 0.532619]"
"[9.17641e-19 2.3546e-07 0.5 0.5]"
"[3.30143e-05 0.00596805 0.0880444 0.905955]"
"[1.91907e-05 0.499981 1.96512e-14 0.5]"
"[5.63237e-10 0.489522 0.00996162 0.500517]"
"[1.78165e-10 0.499999 1.41759e-10 0.500001]"
"[3.30143e-05 0.00596805 0.0880444 0.905955]"
"[1.70038e-17 5.39924e-07 2.90971e-10 0.999999]"
"[1.58668e-21 7.07496e-05 0.499929 0.5]"
"[2.5204e-21 1.13837e-05 0.475825 0.524164]"
"[3.30143e-05 0.00596835 0.0885052 0.905493]"
"[6.24668e-18 3.3588e-07 3.02399e-09 1]"
"[2.83815e-13 0.499334 0.000664004 0.500002]"
"[1.77839e-08 0.5 1.87251e-14 0.5]"
"[3.30143e-05 0.00596805 0.588044 0.405955]"
"[3.30143e-05 0.00596805 0.588044 0.405955]"
"[5.80858e-23 7.40281e-07 0.999999 2.91379e-16]"
"[3.62e-28 9.0059e-11 1 4.56819e-18]"
"[3.30143e-05 0.00596805 0.588044 0.405955]"
"[1.45865e-14 0.00311416 0.988998 0.0078875]"
"[5.65829e-21 2.9886e-07 0.999942 5.75191e-05]"
"[0 3.29984e-20 1 9.5932e-35]"
"[4.15854e-24 2.71807e-09 1 2.85348e-15]"
"[3.30143e-05 0.00596805 0.588044 0.405955]"
"[3.87483e-16 0.334202 0.00167652 0.664122]"
"[2.70862e-21 3.40787e-07 0.000211604 0.999788]"
"[1.82043e-23 9.10184e-11 4.61373e-10 1]"
"[5.4656e-22 2.22953e-09 0.5 0.5]"
"[1.30223e-09 0.286103 3.55728e-15 0.713897]"
"[6.3365e-17 0.00021013 0.000112047 0.999678]"
"[9.67895e-14 0.5 1.1454e-08 0.5]"
"[3.48471e-12 0.499259 0.000741014 0.5]"
"[1.40771e-09 0.5 1.32536e-10 0.5]"
"[3.74954e-07 0.5 2.90632e-14 0.5]"
"[3.65778e-18 4.56858e-05 0.499954 0.5]"
"[5.18025e-25 2.24127e-10 0.5 0.5]"
"[1.20808e-08 0.499992 2.29178e-07 0.500008]"
"[1.28004e-16 0.484076 0.0147327 0.501191]"
"[3.30143e-05 0.00596805 0.0880444 0.905955]"
"[3.36953e-16 0.282561 0.217348 0.500091]"
"[4.52659e-20 8.30548e-08 0.502863 0.497137]"
"[1.2083e-19 0.0012145 0.498124 0.500662]"
"[2.14029e-19 0.00101704 0.498983 0.5]"
"[1.75446e-09 1 8.25577e-08 5.70365e-10]"
"[4.36876e-14 0.5 0.000235971 0.499764]"
"[3.94859e-11 0.999998 7.91927e-07 1.64566e-06]"
"[4.67851e-07 0.999999 9.38561e-10 1.89138e-07]"
"[1.59921e-13 0.5 0.5 2.83373e-15]"
"[1.56949e-10 0.5 8.04048e-07 0.499999]"
"[2.0807e-15 0.5 4.27578e-08 0.5]"
"[2.2127e-13 0.554229 0.445771 5.46809e-10]"
"[2.95327e-05 0.00606145 0.59223 0.401679]"
"[1.81066e-33 3.1497e-14 1 1.77267e-23]"
"[7.39009e-12 0.152046 1.66918e-13 0.847954]"
"[5.03098e-21 8.71641e-09 2.21764e-09 1]"
"[3.30143e-05 0.00596805 0.0880444 0.905955]"
"[8.95715e-15 0.0251944 0.474806 0.5]"
"[3.11218e-14 0.00160755 0.498392 0.5]"
"[3.88605e-13 0.499513 0.000471871 0.500016]"
"[6.64607e-18 6.22827e-06 0.0002014 0.999792]"
"[4.43055e-07 0.5 1.07627e-14 0.5]"
"[1.84403e-09 8.29164e-05 0.0001908 0.999726]"
"[4.9581e-21 0.000666076 0.499334 0.5]"
"[1.71885e-25 4.23626e-10 0.5 0.5]"
"[2.14363e-21 1.15104e-09 8.89257e-06 0.999991]"
"[3.30143e-05 0.00596805 0.0880444 0.905955]"
"[3.30143e-05 0.00596818 0.588044 0.405955]"
"[1.19467e-17 0.000580647 0.0108588 0.988561]"
"[3.41663e-12 0.37265 1.06516e-08 0.62735]"
"[6.39987e-14 0.000583894 0.499416 0.5]"
"[1.41043e-23 2.91364e-06 0.499997 0.5]"
"[3.30143e-05 0.00596805 0.0880443 0.905955]"
"[3.30143e-05 0.00596805 0.0880444 0.905955]"
"[3.3074e-17 0.0540664 0.445934 0.5]"
"[4.35847e-26 6.25566e-09 0.5 0.5]"
"[3.18087e-22 1.24028e-06 0.499999 0.5]"
"[7.17136e-11 0.5 6.76062e-14 0.5]"
"[3.30143e-05 0.00596805 0.0880444 0.905955]"
"[3.33366e-13 1.89011e-05 0.00146961 0.998511]"
"[3.30143e-05 0.00596805 0.0880485 0.90595]"
"[4.63107e-13 1.06863e-05 0.00024956 0.99974]"
"[3.30143e-05 0.00596805 0.0880444 0.905955]"
"[2.18241e-16 0.437016 0.0629844 0.5]"
"[3.30754e-05 0.00596798 0.0880386 0.90596]"
"[3.30143e-05 0.00596996 0.430612 0.563385]"
"[3.06885e-10 7.41019e-05 0.500613 0.499313]"
"[1.31473e-23 1.17828e-11 1 3.08828e-08]"
"[3.30143e-05 0.00596805 0.588044 0.405955]"
"[0 2.99553e-20 1 1.13622e-32]"
"[3.21667e-13 0.48955 0.510448 1.60517e-06]"
"[1.05237e-09 0.499999 0.500001 3.22735e-08]"
"[3.30143e-05 0.00596805 0.588044 0.405955]"
"[9.54174e-28 5.74683e-11 1 1.12744e-20]"
"[0 2.19431e-20 1 3.38999e-34]"
"[1.1279e-23 5.07413e-10 1 3.25489e-10]"
"[1.24316e-14 0.12906 0.0106228 0.860317]"
"[3.81765e-21 1.5387e-10 0.5 0.5]"
"[6.33316e-07 0.499988 1.43405e-07 0.500011]"
"[1.21211e-09 0.499986 5.16196e-09 0.500014]"
"[1.24559e-14 0.00496417 6.00935e-06 0.99503]"
"[2.69283e-10 0.925516 2.96187e-05 0.0744543]"
"[8.36951e-06 0.999992 1.69652e-20 2.19225e-16]"
"[1.4453e-05 0.499781 8.30917e-09 0.500204]"
"[3.30143e-05 0.00596805 0.0880444 0.905955]"
"[3.30143e-05 0.00598814 0.106482 0.887497]"
"[3.30143e-05 0.00596812 0.588044 0.405955]"
"[2.23724e-14 0.033058 0.466942 0.5]"
"[5.93235e-21 4.73374e-07 0.5 0.5]"
"[9.54601e-23 3.31005e-11 0.500001 0.499999]"
"[3.30143e-05 0.00596805 0.0880444 0.905955]"
"[1.15038e-12 0.498409 0.000324446 0.501266]"
"[5.37753e-15 0.425386 0.00386298 0.570751]"
"[3.30143e-05 0.00596805 0.0880444 0.905955]"
"[2.87725e-19 5.1489e-06 0.499995 0.5]"
"[8.33583e-13 0.499967 1.79545e-05 0.500015]"
"[4.66225e-11 0.999607 0.00038515 7.39831e-06]"
"[9.61605e-23 3.03818e-07 1 6.20359e-15]"
"[3.80564e-06 0.998673 0.00132327 4.61789e-10]"
"[4.06916e-08 0.5 0.5 5.90849e-13]"
"[3.30143e-05 0.00596805 0.588044 0.405955]"
"[3.30143e-05 0.00596859 0.587997 0.406002]"
"[4.43587e-12 0.000672023 0.0614106 0.937917]"
"[7.01854e-13 0.486518 0.0134816 0.5]"
"[1.77757e-09 8.51566e-05 0.00030743 0.999607]"
"[2.31222e-15 0.499453 0.000546903 0.5]"
"[1.09277e-17 0.0137734 0.486225 0.500002]"
"[5.15704e-24 3.42307e-08 0.499987 0.500013]"
"[3.30143e-05 0.00596805 0.0880444 0.905955]"
"[3.30143e-05 0.00597017 0.0881271 0.90587]"
"[3.30143e-05 0.00596805 0.588044 0.405955]"
"[3.30143e-05 0.00596805 0.0880444 0.905955]"
"[6.00925e-16 2.96912e-06 0.000124135 0.999873]"
"[4.74849e-15 0.497351 0.00264885 0.5]"
"[3.11976e-07 0.499983 0.500004 1.27041e-05]"
"[3.30143e-05 0.00596804 0.588044 0.405955]"
"[4.67197e-20 2.72562e-05 0.999537 0.000436026]"
"[0 1.65656e-23 1 0]"
"[1.36112e-34 2.01238e-16 1 3.90834e-23]"
"[3.30143e-05 0.00596805 0.588044 0.405955]"
"[3.30143e-05 0.00596805 0.588044 0.405955]"
"[3.3015e-05 0.00596804 0.0880442 0.905955]"
"[0 1.14818e-20 1 1.26377e-28]"
"[2.01106e-31 5.19313e-16 1 2.34127e-15]"
"[5.33611e-34 3.4003e-12 1 1.70125e-32]"
"[0 7.96177e-23 1 7.71329e-30]"
"[8.72197e-10 0.5 0.5 3.21397e-08]"
"[1.4164e-30 7.74673e-13 1 7.54769e-18]"
"[0 7.7342e-23 1 7.90383e-29]"
"[2.20462e-20 1.14162e-08 1.21949e-07 1]"
"[2.2183e-20 1.0635e-06 0.499994 0.500005]"
"[4.99548e-13 0.490994 0.00859122 0.500414]"
"[3.66952e-21 6.46671e-05 0.499935 0.5]"
"[2.16109e-19 0.000230029 0.49977 0.5]"
"[9.18139e-24 3.97367e-08 0.496751 0.503249]"
"[1.04267e-18 7.62513e-06 0.000230223 0.999762]"
"[4.17123e-18 8.69354e-08 0.499995 0.500005]"
"[2.03113e-24 9.12592e-09 0.5 0.5]"
"[4.57007e-07 0.499999 3.95808e-07 0.5]"
"[3.30165e-05 0.00596803 0.0880441 0.905955]"
"[1.79375e-26 5.84378e-13 0.5 0.5]"
"[8.16752e-21 9.65965e-06 0.499958 0.500032]"
"[4.5769e-16 0.17531 0.37038 0.454311]"
"[3.30161e-05 0.00596803 0.0880441 0.905955]"
"[3.95268e-22 2.08153e-08 2.63776e-05 0.999974]"
"[1.54876e-16 0.000344586 0.499655 0.5]"
"[1.75444e-13 0.499944 5.6136e-05 0.5]"
"[3.30143e-05 0.00596805 0.0880444 0.905955]"
"[2.22371e-19 0.000144731 1.80465e-08 0.999855]"
"[9.89097e-14 0.423434 0.0765661 0.5]"
"[5.88413e-20 6.99486e-08 0.5 0.5]"
"[2.73566e-13 0.48575 9.55214e-09 0.51425]"
"[1.47125e-05 0.499985 4.44002e-15 0.5]"
"[1.48465e-16 0.499951 8.25675e-06 0.500041]"
"[3.40536e-10 0.499989 9.01045e-10 0.500011]"
"[2.01175e-19 0.00256529 0.997433 2.04928e-06]"
"[2.91262e-24 8.81153e-09 0.999995 4.769e-06]"
"[0 7.99103e-23 1 0]"
"[9.42982e-10 0.5 6.50295e-11 0.5]"
"[3.30143e-05 0.00596805 0.0880444 0.905955]"
"[3.30143e-05 0.00597054 0.580198 0.413798]"
"[1.11694e-11 0.499995 4.52983e-06 0.5]"
"[1.04991e-12 0.499963 3.74144e-05 0.5]"
"[2.5654e-11 0.499991 8.71023e-06 0.5]"
"[6.63558e-19 4.07237e-07 0.49951 0.500489]"
"[2.92092e-09 0.993228 6.25745e-07 0.00677094]"
"[4.22215e-13 0.856778 0.143222 1.12407e-07]"
"[4.90962e-14 0.500619 0.499381 7.03632e-08]"
"[1.7703e-16 0.498228 0.00177204 0.5]"
"[2.23631e-09 0.500078 0.499922 5.22073e-13]"
"[8.75822e-38 3.48345e-19 1 1.35216e-26]"
"[0 3.84467e-26 1 0]"
"[3.30143e-05 0.00596805 0.0880444 0.905955]"
"[3.30143e-05 0.0059682 0.0880444 0.905954]"
"[2.43182e-19 5.297e-07 1.87614e-05 0.999981]"
"[3.30143e-05 0.00596805 0.0880444 0.905955]"
"[1.01035e-10 0.5 0.5 3.12587e-11]"
"[2.16399e-09 0.52574 1.6394e-06 0.474259]"
"[3.30153e-05 0.505921 0.0880471 0.405999]"
"[9.07256e-10 0.49516 0.000113438 0.504727]"
"[3.30143e-05 0.00596805 0.588044 0.405955]"
"[3.30146e-05 0.00596804 0.588044 0.405955]"
"[1.2704e-17 0.000167179 0.999833 2.27073e-11]"
"[1.2405e-29 1.08733e-16 1 2.58912e-21]"
"[1.2172e-08 0.993374 0.0066265 5.32218e-08]"
"[1.15519e-11 0.5 0.5 6.63828e-09]"
"[1.86457e-29 7.53319e-12 1 4.55069e-20]"
"[3.30148e-05 0.00596805 0.0880443 0.905955]"
"[3.30158e-05 0.00637809 0.413031 0.580558]"
"[6.27968e-15 6.13274e-07 0.5 0.499999]"
"[7.02015e-09 0.499996 0.500004 3.1846e-08]"
"[1.72817e-22 8.18819e-09 0.500013 0.499987]"
"[3.30143e-05 0.00596805 0.588044 0.405955]"
"[1.0609e-08 0.500001 0.499999 1.03077e-12]"
"[3.30144e-05 0.505966 0.0880444 0.405957]"
"[3.30143e-05 0.505949 0.0880553 0.405962]"
"[2.35723e-07 0.500078 0.444858 0.0550635]"
"[2.36113e-35 1.78408e-18 1 2.07665e-27]"
"[1.25466e-10 0.363001 0.636999 1.3842e-08]"
"[0.000125327 0.499875 4.76498e-10 0.5]"
"[1.59579e-05 0.499984 3.8047e-12 0.5]"
"[3.30143e-05 0.00596805 0.0880444 0.905955]"
"[4.3469e-07 0.5 7.17286e-10 0.5]"
"[3.31627e-05 0.505968 0.0880444 0.405955]"
"[2.68536e-13 0.5 0.5 1.68815e-09]"
"[9.3731e-10 0.470526 0.493855 0.035619]"
"[3.61351e-05 0.505943 0.0880444 0.405976]"
"[3.6792e-37 6.71123e-22 1 4.61229e-28]"
"[3.30143e-05 0.00596805 0.0880444 0.905955]"
"[3.30143e-05 0.00596805 0.0880444 0.905955]"
"[3.30143e-05 0.00596805 0.0880444 0.905955]"
"[3.30196e-05 0.130124 0.0880444 0.781798]"
"[1.0151e-14 0.5 0.5 5.43598e-14]"
"[3.30143e-05 0.505958 0.0880444 0.405965]"
"[6.06648e-05 0.50594 0.0880444 0.405955]"
"[3.40539e-24 1.24914e-11 5.02878e-10 1]"
"[2.03979e-31 7.8599e-18 1 1.70397e-21]"
"[6.61197e-19 6.1387e-06 0.999994 3.55339e-13]"
"[2.30125e-34 5.5045e-20 1 1.54065e-24]"
"[0 1.42855e-26 1 5.04418e-36]"
"[0 5.14802e-28 1 0]"
"[3.30146e-05 0.00596805 0.588044 0.405955]"
"[3.30143e-05 0.00596806 0.58767 0.406329]"
"[3.30143e-05 0.00596805 0.0880444 0.905955]"
"[3.30143e-05 0.00596805 0.0880444 0.905955]"
"[1.22931e-17 1.91854e-06 5.46074e-05 0.999943]"
"[3.30143e-05 0.00596805 0.0880444 0.905955]"
"[9.25604e-11 0.499915 4.52175e-09 0.500085]"
"[3.30143e-05 0.00596805 0.0880444 0.905955]"
"[7.57628e-19 4.78835e-06 0.499995 0.5]"
"[3.3044e-17 0.000188215 0.000252492 0.999559]"
"[1.44497e-12 0.0601825 0.908316 0.0315019]"
"[9.04992e-26 8.02574e-11 0.5 0.5]"
"[4.66065e-33 4.11989e-14 1 1.30398e-25]"
"[9.36806e-20 0.000440108 0.998176 0.0013842]"
"[3.37539e-20 3.03251e-06 0.999997 7.91127e-08]"
"[3.30143e-05 0.00596806 0.0880445 0.905954]"
"[9.67779e-12 0.00164614 0.998353 7.53732e-07]"
"[1.39498e-30 7.57153e-16 1 6.9908e-20]"
"[3.20638e-15 0.0063993 0.993601 3.80497e-09]"
"[3.30143e-05 0.00596805 0.588044 0.405955]"
"[4.56428e-20 6.52446e-09 0.500386 0.499614]"
"[3.30143e-05 0.00596806 0.58804 0.405959]"
"[3.30143e-05 0.00596809 0.0880444 0.905954]"
"[3.30143e-05 0.00596942 0.588041 0.405956]"
"[3.30143e-05 0.00608126 0.336381 0.657505]"
"[3.4554e-13 0.0116797 9.20267e-09 0.98832]"
"[9.48088e-25 6.75588e-12 0.5 0.5]"
"[1.09806e-20 0.497246 0.00275373 0.5]"
"[4.32324e-23 1.90224e-08 0.5 0.5]"
"[6.50594e-27 5.72924e-14 0.5 0.5]"
"[2.56228e-29 1.85728e-15 0.5 0.5]"
"[2.17329e-20 4.01764e-07 0.5 0.5]"
"[4.17431e-22 1.59013e-09 0.5 0.5]"
"[3.30143e-05 0.00596805 0.0880444 0.905955]"
"[2.92349e-29 1.74802e-15 0.5 0.5]"
"[6.14805e-12 0.5 3.58005e-09 0.5]"
"[2.68912e-23 2.32027e-09 0.499999 0.500001]"
"[1.34422e-12 0.000182699 0.499817 0.5]"
"[6.34917e-20 3.01645e-09 8.96353e-09 1]"
"[1.00259e-19 1.51363e-09 0.5 0.5]"
"[5.61466e-26 5.64835e-13 0.5 0.5]"
"[2.98464e-16 0.0304127 0.469587 0.5]"
"[3.65376e-14 0.377169 0.122831 0.5]"
"[6.86175e-23 6.17926e-07 0.499999 0.5]"
"[1.4141e-18 6.66202e-10 1.4927e-10 1]"
"[3.26221e-12 0.5 7.52571e-13 0.5]"
"[1.54812e-19 3.94126e-05 0.499961 0.5]"
"[3.30143e-05 0.00596805 0.0880444 0.905955]"
"[2.69984e-30 6.33065e-16 0.5 0.5]"
"[1.81483e-07 0.5 1.73355e-11 0.5]"
"[5.8976e-13 0.999892 0.000107646 1.89486e-09]"
"[1.12216e-12 0.990279 0.0010783 0.00864221]"
"[1.65178e-14 0.5 0.5 1.05967e-10]"
"[2.68333e-14 0.999997 3.01193e-06 7.7923e-09]"
"[1.93322e-13 0.994249 0.00571926 3.15916e-05]"
"[3.21066e-12 0.998919 1.57347e-11 0.00108062]"
"[6.92897e-14 0.548773 0.451227 6.82337e-09]"
"[4.75205e-10 0.5 0.5 8.01536e-12]"
"[3.58069e-21 3.37244e-11 1.16186e-11 1]"
"[5.02088e-18 7.07206e-06 0.499923 0.50007]"
"[2.26298e-30 4.67881e-16 0.5 0.5]"
"[2.4747e-12 0.499995 4.57472e-06 0.5]"
"[4.58813e-14 6.99419e-05 2.84174e-12 0.99993]"
"[3.30143e-05 0.00596823 0.0880448 0.905954]"
"[2.61722e-23 1.61043e-06 0.499998 0.5]"
"[1.6816e-12 0.484979 1.0265e-05 0.515011]"
"[1.11252e-12 0.5 1.31462e-08 0.5]"
"[1.58105e-22 3.08415e-08 0.5 0.5]"
"[5.8067e-13 0.344426 0.155574 0.5]"
"[2.52164e-10 0.499688 0.000312145 0.5]"
"[7.29987e-14 0.406308 6.04098e-06 0.593686]"
"[4.24503e-34 2.6186e-16 0.5 0.5]"
"[1.28097e-17 0.0139837 0.486016 0.5]"
"[2.04547e-21 0.0057463 0.494254 0.5]"
"[3.56727e-15 0.999993 7.47856e-06 3.34667e-09]"
"[1.74036e-09 0.99551 0.00232146 0.00216801]"
"[3.36559e-05 0.505967 0.0880444 0.405955]"
"[1.16622e-08 0.999911 8.95165e-05 1.22705e-09]"
"[9.15275e-07 0.999998 3.91186e-11 7.18772e-07]"
"[3.30143e-05 0.505968 0.0880444 0.405955]"
"[8.87873e-34 9.55179e-16 0.5 0.5]"
"[6.25432e-22 5.77768e-09 0.500025 0.499975]"
"[2.29054e-35 9.73343e-21 1 6.43422e-26]"
"[2.91599e-22 2.77413e-11 0.5 0.5]"
"[3.91567e-07 0.927636 5.0926e-10 0.0723634]"
"[4.75737e-07 0.499966 0.499996 3.81196e-05]"
"[3.30373e-05 0.0698436 0.0880444 0.842079]"
"[3.37153e-09 0.381936 0.499996 0.118068]"
"[2.12252e-25 1.19143e-12 2.82004e-09 1]"
"[5.99911e-16 0.0135265 0.515325 0.471149]"
"[8.78923e-27 2.17226e-13 0.5 0.5]"
"[4.70548e-21 6.60028e-09 6.54284e-10 1]"
"[2.71732e-22 2.37625e-09 0.499865 0.500135]"
"[3.96878e-15 4.60576e-07 1.3304e-06 0.999998]"
"[1.94671e-18 8.65391e-06 0.50632 0.493672]"
"[4.93938e-12 0.329959 9.1759e-06 0.670032]"
"[1.26722e-21 8.80608e-07 0.999999 1.27486e-13]"
"[2.43173e-15 0.499293 0.000706895 0.5]"
"[1.33691e-13 0.499959 3.93962e-05 0.500001]"
"[1.15759e-23 8.85965e-06 0.999991 1.831e-16]"
"[2.25596e-24 9.77565e-10 0.499981 0.500019]"
"[2.1106e-20 3.65896e-09 0.500012 0.499988]"
"[7.937e-14 4.62323e-07 0.500057 0.499942]"
"[3.02629e-32 4.77991e-16 1 1.12975e-23]"
"[3.75349e-36 8.90478e-18 0.5 0.5]"
"[1.26769e-36 1.14823e-21 1 1.39871e-26]"
"[1.76498e-09 1 3.30845e-10 1.60986e-09]"
"[6.12102e-28 1.61435e-13 1 8.68062e-23]"
"[8.09639e-24 5.35899e-10 1 2.11965e-09]"
"[4.21312e-10 0.211689 0.284116 0.504195]"
"[3.11783e-15 0.00192005 0.49808 0.5]"
"[1.4345e-20 2.5595e-07 0.500451 0.499549]"
"[3.30143e-05 0.00596805 0.0880444 0.905955]"
"[4.32201e-14 3.18107e-06 1.81678e-05 0.999979]"
"[3.51543e-09 0.000483316 1.25053e-05 0.999504]"
"[7.5119e-13 0.5 3.72856e-09 0.5]"
"[2.39768e-18 4.97312e-05 0.00083896 0.999111]"
"[2.60006e-23 5.66912e-09 0.500281 0.499719]"
"[5.59207e-08 0.999996 4.24121e-06 1.05534e-08]"
"[3.30143e-05 0.00596806 0.0880449 0.905954]"
"[3.30143e-05 0.00596805 0.0880444 0.905955]"
"[8.60126e-12 0.5 3.866e-08 0.5]"
"[1.39058e-28 2.69462e-11 0.5 0.5]"
"[3.30143e-05 0.00596805 0.0880446 0.905954]"
"[3.30143e-05 0.00596805 0.0880444 0.905955]"
"[3.30143e-05 0.00596805 0.0880444 0.905955]"
"[3.30143e-05 0.00596805 0.0880444 0.905955]"
"[1.3013e-15 4.29127e-05 0.487572 0.512385]"
"[3.30143e-05 0.00596905 0.0887386 0.905259]"
"[7.66894e-10 0.497393 3.15231e-09 0.502608]"
"[3.30143e-05 0.00596805 0.0880444 0.905955]"
"[3.30143e-05 0.00596805 0.588044 0.405955]"
"[3.30143e-05 0.00597159 0.0995727 0.894423]"
"[6.75758e-20 8.01412e-10 0.5 0.5]"
"[8.47567e-12 0.500002 0.499906 9.1724e-05]"
"[1.73466e-11 0.5 0.5 3.13668e-12]"
"[3.30143e-05 0.00596805 0.0880444 0.905955]"
"[3.30143e-05 0.00596805 0.0880444 0.905955]"
"[3.30143e-05 0.00596805 0.0880444 0.905955]"
"[3.30143e-05 0.00596805 0.0880444 0.905955]"
"[3.30143e-05 0.00596805 0.0880444 0.905955]"
"[2.14206e-16 0.00175243 1.92135e-05 0.998228]"
"[3.30143e-05 0.00596805 0.0880444 0.905955]"
"[1.41554e-26 7.87053e-10 0.5 0.5]"
"[1.67589e-19 0.000116476 0.499686 0.500198]"
"[3.30143e-05 0.00596805 0.0880444 0.905955]"
"[3.30143e-05 0.00596805 0.0880444 0.905955]"
"[3.30143e-05 0.00596805 0.0880444 0.905955]"
"[2.66064e-10 0.49656 2.2186e-08 0.50344]"
"[3.30498e-05 0.00596797 0.0880409 0.905958]"
"[3.30143e-05 0.00596805 0.0880444 0.905955]"
"[3.30145e-05 0.00601765 0.172416 0.821533]"
"[3.30143e-05 0.00596805 0.0880444 0.905955]"
"[3.30143e-05 0.00596805 0.0880444 0.905955]"
"[3.30143e-05 0.00596805 0.0880444 0.905955]"
"[3.30143e-05 0.00596805 0.0880444 0.905955]"
"[3.30143e-05 0.0059681 0.0880473 0.905952]"
"[3.30143e-05 0.00596805 0.0880444 0.905955]"
"[3.30143e-05 0.00596805 0.0880444 0.905955]"
"[3.30143e-05 0.00596805 0.0880444 0.905955]"
"[3.30143e-05 0.00596805 0.0880444 0.905955]"
"[3.30143e-05 0.00596805 0.0880444 0.905955]"
"[1.34855e-17 0.00167191 0.498328 0.5]"
"[3.30143e-05 0.00596805 0.0880444 0.905955]"
"[3.30143e-05 0.00596805 0.0880444 0.905955]"
"[9.69731e-15 0.500018 0.453231 0.0467516]"
"[2.54206e-10 0.500081 0.407591 0.0923288]"
"[3.72901e-15 0.5 0.5 1.11306e-10]"
"[3.75751e-14 0.975659 0.0243413 2.45482e-09]"
"[4.39513e-08 0.975597 0.0244026 1.69607e-07]"
"[1.25386e-07 0.5 0.5 7.38698e-09]"
"[2.21663e-08 0.5 0.5 1.41964e-11]"
"[2.34921e-12 0.499659 0.500341 1.90169e-08]"
"[3.30143e-05 0.00596965 0.2633 0.730698]"
"[3.30143e-05 0.00596805 0.0880444 0.905955]"
"[3.24938e-20 2.73133e-08 5.52142e-07 0.999999]"
"[6.83351e-17 0.5 0.5 8.00548e-15]"
"[5.26724e-12 0.494954 0.505045 9.79146e-07]"
"[2.02583e-11 0.991565 0.0079074 0.000528039]"
